kapb1_alexa_10nM_mix_alexa647_nhs_1nM_2.ptu	 	 
Correlation time[ms]	G(t)[10{^-3}]	±Err [10{^-3}]
0.0001375	254.3083273	4.315883076
0.0001625	247.697973	5.166262528
0.000187501	238.4317815	3.581529153
0.000212501	242.8434507	4.577044229
0.000237501	235.0479499	5.285816695
0.000275001	229.8634556	2.870707762
0.000325001	232.153255	3.629444714
0.000375001	233.8432144	2.500932846
0.000425001	239.153923	4.473842639
0.000475001	232.0141738	3.776285063
0.000525002	230.4520708	3.961428026
0.000575002	229.15859	5.150421772
0.000625002	225.1536943	3.616737123
0.000675002	227.2029449	3.608265751
0.000725002	225.7040639	3.832996407
0.000800002	224.0455167	2.134111492
0.000900003	223.1841331	2.921237615
0.001000003	220.1278468	1.571351314
0.001100003	223.4292644	2.403302644
0.001200004	217.7249797	4.115145918
0.001300004	213.3927778	3.461482075
0.001400004	210.5156949	2.073040496
0.001500005	213.6226569	2.753051971
0.001600005	209.9344301	2.79856433
0.001700005	209.0269214	2.228642222
0.001850006	205.9465949	2.101292725
0.002050006	203.0401203	1.257579475
0.002250007	200.0300231	2.093118452
0.002450007	195.5883593	1.598323395
0.002650008	196.8508624	2.199885606
0.002850009	195.0189719	1.958265286
0.003050009	193.3081322	2.098875811
0.00325001	193.0308093	2.30359467
0.00345001	195.4588297	2.025860852
0.003650011	188.1086577	1.888295208
0.003950012	186.6844906	1.268157271
0.004350013	184.5690726	1.229332124
0.004750014	182.4084638	1.172047166
0.005150015	180.250612	1.587702739
0.005550017	179.0289539	1.268327621
0.005950018	177.5076418	1.185371411
0.006350019	176.9776389	1.806585479
0.00675002	173.910166	0.870388915
0.007150021	172.2866562	1.257610421
0.007550023	170.2813029	0.857380797
0.008150024	168.4771668	0.751587642
0.008950027	166.9380729	1.576394951
0.009750029	164.2974198	0.626326492
0.010550032	160.450289	0.764494053
0.011350034	160.281398	0.971820533
0.012150036	158.9409538	0.960221276
0.012950039	156.4481493	0.773227966
0.013750041	154.7659672	0.827138924
0.014550044	153.7475943	0.783154123
0.015350046	151.9511439	1.031310408
0.01655005	149.4366893	0.695227175
0.018150054	148.1604919	0.566959164
0.019750059	145.6117412	0.52652526
0.021350064	143.4232362	0.454735024
0.022950069	141.5781396	0.305597437
0.024550074	140.9315461	0.546421966
0.026150078	139.9413413	0.729841977
0.027750083	138.3117967	0.27666644
0.029350088	137.2372602	0.468828173
0.030950093	134.8525811	0.717630514
0.0333501	135.2720264	0.322129966
0.03655011	131.8496536	0.463508224
0.039750119	130.6596846	0.406128528
0.042950129	128.4645518	0.600179014
0.046150138	126.6831558	0.565934239
0.049350148	126.0620328	0.488236439
0.052550158	124.2616287	0.362635898
0.055750167	122.7707506	0.564485782
0.058950177	121.3197445	0.570215666
0.062150186	119.3442161	0.610358809
0.066950201	118.4639788	0.483052679
0.07335022	116.4790636	0.545528444
0.079750239	114.0479432	0.64720221
0.086150258	112.5494214	0.669851378
0.092550278	110.7576685	0.713234341
0.098950297	108.7289894	0.667754387
0.105350316	107.6291573	0.66500485
0.111750335	105.9905871	0.739772335
0.118150354	104.0480162	0.6727587
0.124550374	102.6236124	0.769699662
0.134150402	100.4987285	0.86594235
0.146950441	97.89379017	0.739497265
0.159750479	96.04410987	0.78601445
0.172550518	93.43440106	0.940591803
0.185350556	91.68763076	0.929336395
0.198150594	89.75229808	0.856510095
0.210950633	87.77052789	0.846701661
0.223750671	85.88573457	0.914394298
0.23655071	84.30835057	0.746129583
0.249350748	82.88379372	0.921527851
0.268550806	80.43257018	0.86491142
0.294150882	77.79117904	0.828336575
0.319750959	75.15560715	0.916705829
0.345351036	72.54990058	0.826664716
0.370951113	70.59385577	0.777891377
0.39655119	68.34182663	0.892629792
0.422151266	66.7317516	0.915295077
0.447751343	65.01188135	0.836967845
0.47335142	63.39354507	0.831213566
0.498951497	61.55961163	0.861263054
0.537351612	59.59435109	0.87920456
0.588551766	56.48673751	0.846873268
0.639751919	53.59965979	0.849625495
0.690952073	51.51013404	0.822632609
0.742152226	49.69792021	0.841079449
0.79335238	47.57780349	0.806086447
0.844552534	45.69492736	0.807358227
0.895752687	43.96912367	0.860590215
0.946952841	42.31917154	0.778292917
0.998152994	41.09125904	0.820779301
1.074953225	38.96279869	0.808675408
1.177353532	36.50812023	0.766853298
1.279753839	34.38790151	0.669244887
1.382154146	32.26937532	0.674859253
1.484554454	30.68881991	0.652960495
1.586954761	29.26627323	0.677702454
1.689355068	27.88540268	0.689045367
1.791755375	26.29286091	0.757175447
1.894155682	25.02576371	0.688314178
1.99655599	24.01999931	0.721466513
2.15015645	22.76413258	0.714020291
2.354957065	21.1865763	0.663002259
2.559757679	19.69340917	0.672946626
2.764558294	18.31569571	0.548928428
2.969358908	16.94326386	0.54026885
3.174159522	15.90138983	0.504666811
3.378960137	15.17648726	0.492981382
3.583760751	14.48125349	0.434576552
3.788561366	13.68049186	0.393406253
3.99336198	12.96831239	0.397917048
4.300562902	12.08409603	0.397407675
4.71016413	11.01830089	0.50992979
5.119765359	10.13604498	0.517259919
5.529366588	9.401071283	0.509326782
5.938967817	8.690588289	0.40805393
6.348569046	8.188228028	0.398160744
6.758170275	7.672872116	0.286039487
7.167771503	7.307739565	0.203231136
7.577372732	7.177716508	0.208639924
7.986973961	6.794797758	0.279369374
8.601375804	6.380772707	0.226681318
9.420578262	5.870793156	0.177469298
10.23978072	5.167435811	0.239367226
11.05898318	5.010949136	0.250427572
11.87818563	4.754566039	0.292728534
12.69738809	4.575718463	0.175134742
13.51659055	4.127047552	0.235542751
14.33579301	3.592461999	0.272498618
15.15499546	3.431000074	0.307815818
15.97419792	3.518474736	0.200691627
17.20300161	3.2472242	0.367804611
18.84140652	2.97745605	0.453406096
20.47981144	2.835831801	0.368821985
22.11821635	2.281519898	0.272865785
23.75662127	1.974066846	0.312594618
25.39502619	1.713550809	0.256920831
27.0334311	1.675477399	0.260291855
28.67183602	1.55146886	0.385695315
30.31024093	1.442241579	0.25363663
31.94864585	1.371465233	0.295040187
34.40625322	1.394126827	0.44698005
37.68306305	1.535017091	0.457869315
40.95987288	1.402238957	0.289919299
44.23668271	1.211679969	0.196921299
47.51349254	1.23205039	0.350120076
50.79030237	1.218573664	0.442011069
54.0671122	0.846662719	0.394052084
57.34392203	0.740098515	0.281433966
60.62073186	0.98677181	0.261788015
63.89754169	0.771462349	0.352586426
68.81275644	0.438357223	0.274503688
75.3663761	0.510911756	0.293883763
81.91999576	0.364726456	0.41573664
88.47361542	0.311647275	0.495020083
95.02723508	0.316882418	0.344200857
101.5808547	0.363467723	0.375558731
108.1344744	0.662770422	0.323662745
114.6880941	0.188929029	0.243421579
121.2417137	0.976695256	0.384919685
127.7953334	0.649130057	0.457147037
137.6257629	0.469490439	0.257775211
150.7330022	0.120281491	0.216914905
163.8402415	0.143465922	0.375806859
176.9474808	0.147153271	0.426754929
190.0547202	0.092849271	0.50367333
203.1619595	-0.332114132	0.538762504
216.2691988	-0.226724175	0.437641738
229.3764381	-0.387168832	0.362560436
242.4836775	-0.359738829	0.350278326
255.5909168	-0.507684111	0.32667715
275.2517758	-0.251714287	0.373161261
301.4662544	-0.306112533	0.465925933
327.680733	-0.39700443	0.408763875
353.8952117	-0.493979803	0.397807037
380.1096903	-0.607773687	0.387607915
406.324169	-0.696976316	0.309265662
432.5386476	-0.767628259	0.288715116
458.7531263	-0.760969535	0.329546452
484.9676049	-0.749829543	0.204668194
511.1820835	-0.420418747	0.223608387
550.5038015	-0.976897826	0.208783185
602.9327588	-0.926317135	0.294730992
655.3617161	-0.844136407	0.233436157
707.7906734	-1.249378185	0.229043746
760.2196307	-1.287098579	0.249056916
812.6485879	-1.709992942	0.313769969
865.0775452	-1.807709291	0.248285391
917.5065025	-1.598137547	0.338714163
969.9354598	-1.508106689	0.363545662
1022.364417	-1.343986665	0.34523355